 season 1.05914 -0.00213 0.621 1.24255 -0.00525
 season 1.38341 0.00508 0.808 1.38691 0.00405
 season 1.06542 -0.00660 0.593 1.12706 -0.00787
 season 1.27173 0.00730 0.789 1.31725 0.00589
 season 0.73196 0.00569 0.471 0.75910 0.00527
 season 0.69672 0.01390 0.443 0.69865 0.01407
 season 1.33143 -0.00412 0.828 1.34821 -0.00474
 season 1.26715 -0.00417 0.636 1.32984 -0.00536
 season 0.88286 0.00713 0.537 0.92471 0.00659
 season 1.15786 -0.00112 0.658 1.17278 -0.00061
 season 1.02776 0.00124 0.667 1.06612 0.00043
 season 1.08936 -0.00665 0.655 1.09377 -0.00696
 season 1.36753 -0.00545 0.788 1.36749 -0.00545
 season 1.06835 -0.00355 0.690 1.09948 -0.00343
 season 1.17790 0.01324 0.718 1.24940 0.01215
 season 0.84194 0.00018 0.497 0.84557 0.00011
 season 0.65105 -0.00912 0.372 0.66285 -0.00929
 season 1.09379 0.00726 0.680 1.09157 0.00748
 season 0.93742 -0.00126 0.618 0.93511 -0.00100
 season 0.84558 0.01162 0.584 0.88083 0.01099
 season 1.00091 0.01122 0.609 1.11288 0.00974
 season 0.99925 -0.00218 0.626 1.02255 -0.00302
 season 1.18420 0.00497 0.760 1.23076 0.00583
 season 1.06814 0.00471 0.694 1.10334 0.00595
 season 1.18717 0.00531 0.679 1.22748 0.00643
 season 0.96535 0.00341 0.638 0.99044 0.00264
 season 0.79124 0.00135 0.490 0.80660 0.00069
 season 1.02464 0.00015 0.613 1.05029 0.00006
 season 1.09880 0.00456 0.672 1.20959 0.00283
 season 0.91835 0.00128 0.526 0.94315 0.00090
 season 0.75472 0.00055 0.505 0.79932 -0.00052
 season 0.72364 0.00773 0.419 0.70842 0.00816
 season 0.76031 -0.00006 0.448 0.78795 -0.00048
 season 0.84432 0.00128 0.484 0.85908 0.00108
 season 1.02906 0.01707 0.649 1.09322 0.01702
 season 1.11801 0.01364 0.646 1.14626 0.01430
 season 0.91375 -0.00084 0.624 0.93716 -0.00159
 season 1.07244 -0.00186 0.654 1.18098 -0.00475
 season 0.39072 -0.00008 0.237 0.39171 -0.00006
 season 1.11414 -0.00458 0.674 1.11256 -0.00490
 season 0.91791 0.00850 0.564 0.98653 0.00744
 season 0.99100 -0.00801 0.604 1.00753 -0.00847
 season 0.92503 0.01321 0.551 0.97451 0.01239
 season 1.00335 0.00001 0.592 1.04880 -0.00098
 season 0.91384 0.00282 0.510 0.97755 0.00218
 season 0.66285 -0.00059 0.440 0.69106 -0.00101
 season 0.77364 0.00623 0.470 0.78367 0.00597
 season 0.90250 0.00818 0.598 0.99896 0.00807
 season 0.82308 0.00038 0.553 0.88015 -0.00150
 season 0.85980 -0.01111 0.499 0.85730 -0.01249
 season 0.50604 0.01314 0.340 0.47241 0.01355
 season 0.92802 0.00888 0.612 0.99885 0.00685
 season 0.73509 0.00758 0.519 0.75545 0.00723
 season 0.91217 -0.01226 0.611 0.91618 -0.01363
 season 1.13011 -0.00564 0.728 1.18486 -0.00578
 season 0.63062 0.00006 0.410 0.64402 -0.00015
 season 0.88695 -0.00175 0.545 0.93252 -0.00314
 season 0.86673 -0.00492 0.563 0.96710 -0.00741
 season 0.94711 -0.00768 0.582 0.98752 -0.00948
 season 1.12616 0.00212 0.657 1.22800 0.00071
 season 0.87003 0.00759 0.524 0.92941 0.00730
 season 0.93486 0.00979 0.625 1.05123 0.00814
 season 0.80979 0.00308 0.462 0.84427 0.00265
 season 0.85440 0.00557 0.552 0.85333 0.00572
 season 0.90331 -0.01708 0.578 0.98515 -0.01938
 season 1.17563 0.01199 0.764 1.19532 0.01475
 season 1.22599 -0.00435 0.756 1.25036 -0.00459
 season 0.99319 0.00162 0.596 1.09581 -0.00069
 season 0.93705 0.00514 0.577 0.99027 0.00378
 season 0.88538 0.01332 0.565 0.97302 0.01231
 season 0.84120 -0.00065 0.524 0.83785 -0.00077
 season 0.78295 -0.00697 0.501 0.88361 -0.00977
 season 1.05529 0.00809 0.622 1.06192 0.00931
 season 1.01658 0.00264 0.632 1.11164 0.00009
 season 0.97952 0.01002 0.599 0.98619 0.00999
 season 0.52121 0.00426 0.361 0.51677 0.00438
 season 1.10190 -0.00558 0.628 1.15713 -0.00580
 season 0.59268 0.00474 0.372 0.60077 0.00427
 season 0.76525 0.01082 0.462 0.76571 0.01082
 season 0.55503 0.00640 0.348 0.53803 0.00644
 season 0.85940 0.00134 0.553 0.94816 -0.00108
 season 0.72888 0.01865 0.446 0.69867 0.02020
 season 1.07166 0.00660 0.625 1.13232 0.00596
 season 0.90524 0.00398 0.563 0.99813 0.00173
 season 0.81531 0.00107 0.506 0.87087 -0.00049
 season 1.00728 0.00581 0.610 1.02907 0.00510
 season 1.03048 0.00793 0.610 1.05990 0.00884
 season 0.74743 0.00848 0.483 0.80655 0.00692
 season 1.18800 -0.00606 0.668 1.23134 -0.00689
 season 0.96043 0.00876 0.632 1.06538 0.00707
 season 0.98805 0.00950 0.591 1.03603 0.00928
 season 1.20290 -0.00140 0.691 1.20422 -0.00133
 season 0.55156 0.00670 0.352 0.54138 0.00604
 season 0.70943 0.00448 0.461 0.72268 0.00424
 season 1.19730 0.00333 0.646 1.20009 0.00348
 season 0.83464 0.00155 0.489 0.88591 0.00078
 season 0.94438 0.00464 0.630 0.99458 0.00300
 season 1.00700 0.00430 0.587 1.03974 0.00352
 season 1.00690 0.00299 0.593 1.05914 0.00153
 season 0.97680 -0.00335 0.678 1.02795 -0.00530
 season 0.37463 0.00603 0.242 0.32035 0.00573
 season 1.11045 0.00587 0.706 1.19973 0.00449
 season 1.24842 -0.00017 0.671 1.32003 -0.00132
 season 1.02974 0.00925 0.632 1.09352 0.00857
 season 1.02421 0.00618 0.671 1.10413 0.00536
 season 1.20010 0.00150 0.756 1.24030 0.00145
 season 0.90819 -0.00687 0.577 0.88476 -0.00796
 season 0.88626 -0.00813 0.559 0.94679 -0.00969
 season 0.74922 -0.00017 0.450 0.80100 -0.00112
 season 1.20738 -0.00345 0.805 1.30088 -0.00593
 season 0.97921 -0.00201 0.555 1.01627 -0.00279
 season 0.84333 0.00230 0.533 0.87690 0.00132
 season 0.85287 -0.00065 0.578 0.89776 -0.00179
 season 0.85296 -0.00159 0.565 0.86563 -0.00178
 season 1.03628 -0.00863 0.646 1.03628 -0.00863
 season 1.01673 0.00784 0.616 1.07938 0.00788
 season 1.01414 -0.01322 0.646 1.08697 -0.01427
 season 0.99827 0.00121 0.572 0.99858 0.00107
 season 0.77660 -0.01622 0.464 0.84095 -0.01838
 season 0.53714 0.00140 0.400 0.54766 0.00092
 season 0.76871 0.02774 0.525 0.74855 0.02960
 season 0.63457 -0.00701 0.421 0.64425 -0.00827
 season 0.57133 -0.00209 0.368 0.56645 -0.00254
 season 0.86918 0.01887 0.534 0.90040 0.01926
 season 1.18741 0.00796 0.719 1.30016 0.00788
 season 0.83271 0.00789 0.568 0.87478 0.00699
 season 1.33268 -0.00719 0.756 1.34665 -0.00778
 season 1.12081 0.00812 0.681 1.17174 0.00718
 season 1.04764 -0.00393 0.611 1.10994 -0.00534
 season 1.16288 -0.00830 0.681 1.16079 -0.01149
 season 0.80159 0.00031 0.560 0.80728 0.00000
 season 0.80174 0.00486 0.445 0.81758 0.00456
 season 0.96654 -0.00450 0.591 1.00358 -0.00527
 season 1.14895 0.00032 0.632 1.15301 0.00052
 season 1.02199 -0.02191 0.608 1.03066 -0.02354
 season 1.24122 -0.00322 0.749 1.26209 -0.00400
 season 0.80137 -0.00062 0.553 0.86233 -0.00178
 season 0.81181 0.00369 0.520 0.86033 0.00274
 season 0.80555 0.01915 0.533 0.85089 0.01900
 season 0.83525 0.00717 0.468 0.84957 0.00711
 season 0.65288 -0.00249 0.455 0.67861 -0.00298
 season 1.11849 -0.00071 0.653 1.11849 -0.00071
 season 0.88912 0.00275 0.589 0.96682 0.00087
 season 1.28794 -0.01467 0.689 1.28121 -0.01558
 season 1.09604 0.00939 0.631 1.13953 0.00864
 season 0.62683 0.00843 0.387 0.62843 0.00818
 season 1.02366 -0.00568 0.629 1.06085 -0.00724
 season 1.13119 -0.00613 0.719 1.15221 -0.00649
 season 1.01453 0.00349 0.622 1.11960 0.00303
 season 0.99952 0.01289 0.567 1.02568 0.01231
 season 0.77913 0.00113 0.505 0.78934 -0.00040
 season 1.26077 -0.00436 0.756 1.31587 -0.00762
 season 0.94102 0.00024 0.607 1.03103 -0.00212
 season 1.03853 -0.01475 0.634 1.06661 -0.01553
 season 0.84171 0.01020 0.535 0.88938 0.00957
 season 0.79651 -0.00121 0.515 0.89320 -0.00246
 season 1.15951 0.01130 0.661 1.16782 0.01336
 season 0.99835 0.00028 0.591 1.05277 -0.00088
 season 1.09883 0.01073 0.696 1.17143 0.01161
 season 0.93989 0.01876 0.634 0.97496 0.01849
 season 0.93090 0.00435 0.556 1.01079 0.00310
 season 1.18566 0.00528 0.616 1.32533 0.00562
 season 0.63868 0.00196 0.416 0.65733 0.00087
 season 0.67471 0.00882 0.429 0.66940 0.00887
 season 0.85791 -0.00615 0.486 0.87365 -0.00657
 season 0.63966 -0.01514 0.430 0.64376 -0.01526
 season 0.57630 -0.00360 0.388 0.58579 -0.00410
 season 1.02206 -0.00705 0.618 1.03943 -0.00761
 season 1.00887 -0.01087 0.628 1.05556 -0.01303
 season 1.03508 -0.01030 0.638 1.05598 -0.01093
 season 0.69484 -0.00449 0.503 0.72736 -0.00521
 season 0.84132 -0.00128 0.473 0.87353 -0.00208
 season 0.89593 0.00262 0.546 0.96853 0.00165
 season 1.19701 -0.00731 0.772 1.19967 -0.00725
 season 1.28795 0.00336 0.751 1.30301 0.00444
 season 1.14232 0.00748 0.643 1.15572 0.00730
 season 1.13597 -0.00416 0.641 1.13130 -0.00470
 season 0.78564 0.00386 0.498 0.81725 0.00334
 season 1.18971 0.00945 0.741 1.26635 0.00743
 season 1.28316 0.01095 0.779 1.33959 0.01068
 season 1.04628 0.01378 0.673 1.07251 0.01349
 season 1.23448 0.01113 0.633 1.24902 0.01208
 season 0.57568 0.01070 0.388 0.52440 0.01119
 season 0.84209 -0.01140 0.514 0.89739 -0.01181
 season 0.60762 -0.00429 0.376 0.60643 -0.00462
 season 0.82568 0.01213 0.543 0.91713 0.01101
 season 0.95367 0.00628 0.584 1.02225 0.00477
 season 1.13198 -0.00333 0.679 1.15815 -0.00365
 season 0.58309 -0.00228 0.362 0.57969 -0.00241
 season 0.99833 0.01241 0.574 1.10979 0.01167
 season 1.02343 0.00070 0.637 1.02373 0.00068
 season 1.20686 -0.00001 0.650 1.26260 -0.00029
 season 0.97228 -0.01058 0.647 1.03604 -0.01314
 season 0.83158 -0.00626 0.484 0.82099 -0.00655
 season 0.93017 0.00970 0.534 0.96713 0.00897
 season 0.93493 -0.01124 0.583 1.00103 -0.01274
 season 0.64399 0.01325 0.435 0.64573 0.01322
 season 1.01903 -0.00243 0.609 1.05966 -0.00320
 season 1.14806 0.01263 0.691 1.20788 0.01345
 season 0.87269 -0.00075 0.540 0.93304 -0.00276
