  intra 1.10025 -0.00755 0.777 1.08790 -0.00614
  intra 1.02318 0.00321 0.711 1.03768 0.00592
  intra 1.16254 0.00057 0.774 1.17903 0.00085
  intra 1.06395 0.00394 0.787 1.06790 0.00545
  intra 1.08480 0.00238 0.778 1.08767 0.00219
  intra 0.90828 0.00757 0.727 0.91579 0.00780
  intra 1.00877 -0.00037 0.655 1.02803 0.00113
  intra 1.21919 -0.00127 0.727 1.23124 -0.00166
  intra 1.05991 -0.01316 0.704 1.06078 -0.01290
  intra 1.03695 -0.00006 0.690 1.05845 0.00020
  intra 1.16100 -0.00267 0.746 1.17375 -0.00039
  intra 0.91295 -0.00254 0.698 0.90942 -0.00215
  intra 1.21263 0.00254 0.832 1.20930 0.00349
  intra 0.95955 0.00071 0.699 0.96976 0.00057
  intra 1.04366 0.00491 0.669 1.06239 0.00372
  intra 1.32793 0.02253 0.770 1.35280 0.02393
  intra 1.08846 -0.00232 0.771 1.08345 -0.00201
  intra 1.20151 0.01860 0.793 1.22675 0.02119
  intra 1.12466 0.00207 0.774 1.13596 0.00261
  intra 0.82448 -0.00031 0.702 0.82363 0.00137
  intra 1.19951 0.00547 0.783 1.21648 0.00688
  intra 0.89463 0.00619 0.723 0.89208 0.00527
  intra 1.20514 0.00408 0.773 1.22514 0.00626
  intra 1.09540 -0.00166 0.744 1.11036 -0.00083
  intra 1.25923 0.01115 0.781 1.27616 0.01522
  intra 1.14840 0.00671 0.762 1.15108 0.00753
  intra 1.10150 0.00388 0.737 1.11418 0.00431
  intra 0.84247 0.00056 0.641 0.82401 0.00127
  intra 1.03439 0.00287 0.755 1.03798 0.00861
  intra 0.97371 0.00096 0.705 0.98471 0.00154
  intra 1.33489 -0.00765 0.758 1.36588 -0.00764
  intra 1.02190 0.01973 0.747 1.02916 0.02241
  intra 1.02520 0.00148 0.774 1.01944 0.00090
  intra 1.11050 -0.00715 0.777 1.10852 -0.00808
  intra 0.96351 -0.01066 0.711 0.96280 -0.00916
  intra 1.06015 -0.00105 0.750 1.06568 -0.00071
  intra 1.25861 -0.00069 0.809 1.27025 0.00282
  intra 0.94951 0.00499 0.706 0.93917 0.00466
  intra 1.12921 0.01099 0.735 1.14744 0.01264
  intra 0.94918 0.00975 0.727 0.96087 0.01090
  intra 1.17848 0.00822 0.806 1.17243 0.00988
  intra 1.25662 -0.00203 0.775 1.27945 -0.00125
  intra 1.04383 0.01041 0.778 1.03515 0.01105
  intra 1.19361 0.00180 0.783 1.21737 -0.00162
  intra 1.11236 0.00954 0.750 1.13085 0.01187
  intra 0.93208 -0.01245 0.634 0.91868 -0.01341
  intra 1.14974 -0.00465 0.789 1.16906 -0.00414
  intra 1.09743 0.01216 0.729 1.10501 0.01279
  intra 0.93259 -0.00013 0.678 0.92924 -0.00014
  intra 1.01797 0.00889 0.757 1.02859 0.01044
  intra 1.01131 -0.01012 0.698 1.01830 -0.01089
  intra 0.97814 0.00613 0.748 0.94174 0.00501
  intra 1.07761 0.00155 0.783 1.07797 0.00167
  intra 1.12266 -0.00833 0.770 1.11696 -0.00734
  intra 1.12454 0.00037 0.736 1.11762 -0.00037
  intra 1.11773 0.00950 0.771 1.13403 0.01187
  intra 1.00387 -0.01002 0.695 0.99690 -0.01059
  intra 1.20342 -0.00885 0.775 1.19344 -0.00854
  intra 1.28132 0.00682 0.743 1.30780 0.01002
  intra 0.90918 0.01125 0.734 0.90106 0.01154
  intra 1.26860 0.01928 0.841 1.28445 0.02251
  intra 1.12029 0.01184 0.771 1.14848 0.01493
  intra 1.04251 0.00857 0.712 1.04766 0.00907
  intra 0.96042 0.00358 0.736 0.97880 0.00113
  intra 1.25882 -0.00187 0.788 1.25916 -0.00023
  intra 1.01996 0.01079 0.755 1.01408 0.01117
  intra 0.96484 0.00962 0.728 0.96919 0.01164
  intra 0.98309 0.00877 0.732 0.98530 0.01009
  intra 0.97540 0.00383 0.755 0.97081 0.00348
  intra 1.18468 0.00333 0.789 1.22961 0.00203
  intra 1.07475 -0.00038 0.704 1.06937 0.00067
  intra 1.00319 0.00024 0.740 1.01421 0.00051
  intra 1.31609 0.00259 0.820 1.33619 0.00665
  intra 0.97936 -0.00003 0.720 0.97945 0.00165
  intra 1.15239 0.01410 0.787 1.17865 0.01561
  intra 1.05052 0.00289 0.720 1.04207 0.00251
  intra 0.88930 0.00883 0.694 0.89842 0.00911
  intra 1.03866 0.00046 0.710 1.04139 0.00089
  intra 1.07290 -0.00309 0.715 1.07329 -0.00199
  intra 0.90357 0.01200 0.642 0.89395 0.01265
  intra 1.16517 0.00528 0.821 1.16213 0.00707
  intra 1.10790 0.00054 0.768 1.12146 0.00024
  intra 1.08760 -0.00592 0.763 1.10984 -0.00652
  intra 1.13600 -0.00319 0.787 1.16558 -0.00074
  intra 1.22306 0.00208 0.780 1.23955 0.00315
  intra 1.12615 -0.00319 0.793 1.14842 -0.00351
  intra 1.15442 0.00485 0.765 1.15485 0.00455
  intra 1.15242 -0.00211 0.762 1.16861 0.00025
  intra 1.15568 0.00344 0.739 1.16992 0.00696
  intra 0.87846 0.00499 0.696 0.88521 0.00601
  intra 1.03907 -0.01090 0.750 1.00997 -0.01019
  intra 0.94878 -0.00887 0.746 0.93850 -0.00952
  intra 1.03112 -0.01159 0.721 1.03121 -0.01241
  intra 0.92749 -0.00880 0.702 0.92515 -0.00868
  intra 1.09785 -0.00927 0.740 1.08281 -0.00948
  intra 1.20938 0.00897 0.827 1.21938 0.01240
  intra 1.00234 0.00459 0.749 0.99297 0.00341
  intra 1.07703 -0.00439 0.731 1.07092 -0.00400
  intra 1.08912 0.01232 0.803 1.09966 0.01279
  intra 1.02019 0.00150 0.752 1.01551 0.00230
  intra 1.04931 0.01512 0.776 1.06296 0.01926
  intra 1.06644 0.01355 0.793 1.07504 0.01550
  intra 1.02700 0.00568 0.758 1.04534 0.00393
  intra 1.11870 0.00287 0.771 1.13448 0.00428
  intra 1.00735 -0.00177 0.756 1.01033 0.00202
  intra 1.02306 -0.00749 0.724 1.01988 -0.00590
  intra 1.11444 0.00674 0.767 1.12034 0.00576
  intra 1.08840 0.00032 0.714 1.08889 0.00029
  intra 1.15738 -0.00616 0.780 1.16377 -0.00778
  intra 0.83480 -0.00061 0.718 0.83345 0.00364
  intra 0.90420 -0.00998 0.685 0.88684 -0.01131
  intra 1.09069 -0.00749 0.728 1.09504 -0.00830
  intra 0.94613 -0.00312 0.776 0.95641 -0.00434
  intra 1.01504 0.00172 0.717 1.01749 0.00368
  intra 1.14169 0.00971 0.780 1.15857 0.01288
  intra 1.14679 -0.01043 0.773 1.14741 -0.01096
  intra 1.01869 -0.00920 0.731 1.02978 -0.01097
  intra 1.15979 0.00709 0.767 1.18473 0.00869
  intra 1.00581 0.00591 0.757 1.00274 0.00423
  intra 0.90301 -0.00380 0.695 0.89794 -0.00311
  intra 1.15376 -0.01101 0.784 1.17552 -0.00880
  intra 0.84620 -0.00652 0.673 0.84507 -0.00729
  intra 1.13077 0.01952 0.795 1.15304 0.01976
  intra 0.91984 0.01775 0.708 0.90991 0.02029
  intra 0.94803 -0.00649 0.660 0.94174 -0.00558
  intra 1.18916 -0.00637 0.790 1.17662 -0.00591
  intra 1.23213 0.00654 0.767 1.24622 0.00998
  intra 1.05231 0.01166 0.752 1.04684 0.01296
  intra 1.24714 0.00563 0.777 1.26134 0.00974
  intra 1.02673 0.01516 0.747 1.02089 0.01758
  intra 0.95397 0.00298 0.695 0.94231 0.00383
  intra 1.16014 0.00170 0.810 1.15027 0.00304
  intra 1.14620 -0.01699 0.771 1.14261 -0.01381
  intra 1.14587 -0.00061 0.809 1.16998 -0.00302
  intra 1.10402 -0.00235 0.717 1.11342 -0.00114
  intra 1.10501 -0.01301 0.764 1.11834 -0.00677
  intra 1.15526 -0.00898 0.769 1.15320 -0.00813
  intra 1.14238 0.00118 0.791 1.15015 0.00261
  intra 1.02217 0.00624 0.705 1.01837 0.00668
  intra 1.15395 -0.00797 0.772 1.17180 -0.00749
  intra 1.26042 0.01937 0.816 1.30730 0.02499
  intra 1.11447 -0.00929 0.768 1.11199 -0.00787
  intra 1.04094 -0.00337 0.781 1.05388 -0.00221
  intra 1.12465 0.00926 0.765 1.14243 0.01029
  intra 0.83902 -0.01144 0.672 0.83640 -0.01233
  intra 1.11361 0.00907 0.775 1.12037 0.01003
  intra 0.99753 0.00516 0.718 1.00298 0.00590
  intra 1.15071 -0.00870 0.752 1.13894 -0.00901
  intra 0.95609 0.00163 0.695 0.94651 0.00203
  intra 1.03364 0.00154 0.755 1.05086 0.00247
  intra 1.06621 -0.00004 0.658 1.08405 0.00276
  intra 1.35773 -0.00162 0.816 1.37760 0.00089
  intra 1.05336 -0.01151 0.752 1.06458 -0.01148
  intra 0.96542 -0.00473 0.716 0.94682 -0.00438
  intra 1.28095 0.00656 0.793 1.32124 0.00814
  intra 1.05306 -0.01080 0.742 1.06565 -0.01046
  intra 0.94391 0.00248 0.713 0.92312 0.00374
  intra 1.23805 0.00700 0.797 1.28377 0.00614
  intra 1.04511 0.00310 0.739 1.04912 0.00452
  intra 1.02248 0.00819 0.747 1.02236 0.01035
  intra 1.25946 0.00240 0.810 1.27299 0.00498
  intra 0.96310 0.00296 0.694 0.96006 0.00240
  intra 1.14234 -0.00073 0.799 1.14763 -0.00089
  intra 0.97235 0.00776 0.733 0.96718 0.00885
  intra 1.03939 0.00471 0.702 1.04674 0.00660
  intra 1.03955 0.00799 0.710 1.04117 0.00286
  intra 1.04995 0.00316 0.765 1.04828 0.00512
  intra 0.96894 0.00003 0.734 0.95146 -0.00053
  intra 1.07319 -0.00381 0.742 1.07941 -0.00364
  intra 1.10466 -0.01568 0.758 1.09992 -0.01722
  intra 1.34195 0.01988 0.814 1.37937 0.02297
  intra 1.35106 -0.00162 0.802 1.37055 0.00137
  intra 1.08996 -0.00215 0.763 1.08600 -0.00217
  intra 1.01761 0.00401 0.730 1.01343 0.00270
  intra 1.11843 0.00371 0.799 1.12847 0.00399
  intra 1.08176 -0.00869 0.731 1.10910 -0.01199
  intra 0.98952 0.01164 0.739 0.99968 0.01715
  intra 1.14744 0.01272 0.768 1.15850 0.01654
  intra 1.08815 0.00481 0.772 1.08042 0.00521
  intra 1.04063 0.00225 0.719 1.04651 0.00374
  intra 1.17274 -0.00561 0.789 1.19264 -0.00629
  intra 1.03196 0.02191 0.727 1.03293 0.02372
  intra 1.13177 0.00550 0.793 1.12980 0.00702
  intra 1.08462 0.02337 0.783 1.11691 0.02168
  intra 1.12606 0.02439 0.805 1.14490 0.02487
  intra 0.96893 -0.00565 0.662 0.96850 -0.00568
  intra 1.06909 0.00037 0.724 1.07511 0.00251
  intra 1.03577 0.00692 0.787 1.03208 0.01127
  intra 1.08255 0.00250 0.728 1.08012 0.00301
  intra 0.95849 0.00082 0.732 0.95261 0.00236
  intra 1.06062 0.00994 0.723 1.06754 0.01062
  intra 0.86999 -0.00803 0.713 0.86892 -0.00824
  intra 0.87535 0.01308 0.689 0.87787 0.01436
  intra 1.13326 -0.01306 0.765 1.18171 -0.01311
  intra 1.08563 0.00438 0.729 1.10715 0.00360
  intra 1.03137 0.00024 0.773 1.04136 0.00202
  intra 1.32171 -0.00337 0.798 1.34550 -0.00016
  intra 1.02055 -0.01032 0.741 1.03900 -0.00813
  intra 1.08011 -0.00637 0.725 1.09441 -0.00647
  intra 0.95251 0.00632 0.679 0.95414 0.00771
