Albcld (%)
   7.5942
   7.9642
   9.2717
   9.9326
   9.6578
  10.0783
  10.2189
  10.3040
  10.3636
   9.9252
   7.5273
   8.1918
   7.2901
   7.7977
   8.4364
   9.6205
   9.7978
  10.8157
   9.2780
  10.2234
  10.4384
  11.4900
   8.8186
   8.9461
   7.0178
   8.0751
   7.9799
  10.9885
  10.0152
  10.1073
  10.6381
   9.3621
  10.4080
   9.2654
   9.2578
   7.3180
   7.0932
   7.2696
   8.0561
   9.4699
   9.0468
   9.6907
   9.8235
   9.6067
   9.6739
   9.4439
   8.8226
   7.4639
   8.0124
   8.4507
   8.0672
  10.2935
   9.3871
   9.6048
   9.9926
  10.2735
  10.1873
   9.5744
   8.6689
   6.8047
   6.7925
   7.3749
   8.5455
  10.0625
   9.6121
   9.9331
  10.1083
   9.4641
  10.4993
   8.1389
   8.5037
   8.0691
   6.7766
   7.5626
   8.6914
   9.6687
   9.6118
   9.8408
  10.3161
   9.4178
   9.4988
   8.8746
   8.7747
   6.0947
   7.1632
   7.9675
   7.7948
   9.2123
  10.1393
   9.7687
   9.3712
  10.0326
  10.7272
   9.8568
   8.6905
   6.9615
   6.6853
   7.4593
   7.3548
   9.0883
   8.9772
   9.3404
  10.6180
   9.3138
  10.3789
   8.5881
   8.4912
   7.1613
   6.7938
   7.4137
   8.2063
   8.3552
   9.2134
  10.5344
   9.9215
   9.8969
   9.8656
   9.2392
   9.5793
   7.9517
   8.0337
   8.1276
   8.2173
   9.5756
  10.3250
  10.1726
   9.4862
   9.5269
   9.7420
   9.3592
   8.3266
   6.8924
   6.4970
   8.3273
   8.0558
  10.0068
   9.3098
   9.4470
   9.2810
   9.0568
   9.9655
   9.7854
   7.0610
   6.3163
   7.1401
   8.3012
   8.4398
   9.3816
  10.5185
   9.3416
  10.0887
   9.0061
   9.9999
   8.9522
   9.1300
   6.5071
   7.8213
   7.9135
   8.5242
  10.0869
   9.4700
   9.8832
   9.2614
   9.6847
   9.9811
   9.3928
   8.4066
   7.0287
   7.7295
   7.8753
   8.3014
  10.0498
   9.8334
   9.8294
   9.5244
   9.6270
  10.0173
  10.2011
   7.6026
   7.4265
   7.6816
   8.0023
   8.2347
