    Frequency     Corr coef   OLS regress  robust regress  OLS intercept  robust intercept
     deseason       -0.5177       -1.0929       -0.9010       -0.0321       -0.0526
     deseason       -0.4927       -1.1072       -0.8876        0.0258       -0.0049
     deseason       -0.5535       -1.1632       -1.0938        0.0091        0.0045
     deseason       -0.4478       -0.8639       -0.8068       -0.0160       -0.0159
     deseason       -0.4102       -0.9308       -0.8213        0.0157        0.0045
     deseason       -0.6085       -1.2833       -1.1779       -0.0153       -0.0194
     deseason       -0.4689       -0.9181       -0.9237       -0.0478       -0.0522
     deseason       -0.5425       -1.2637       -1.1449        0.0224        0.0193
     deseason       -0.5809       -1.0911       -0.9934       -0.0110       -0.0250
     deseason       -0.4779       -0.9244       -0.7890        0.0321        0.0135
     deseason       -0.4981       -1.0516       -0.8190        0.0393        0.0219
     deseason       -0.5518       -1.0652       -0.9516        0.0292        0.0001
     deseason       -0.5092       -1.2387       -1.0583        0.0271        0.0224
     deseason       -0.5545       -1.1614       -1.0428       -0.0214       -0.0223
     deseason       -0.5218       -0.9492       -0.8849       -0.0582       -0.0732
     deseason       -0.5595       -1.0250       -1.0062       -0.0442       -0.0426
     deseason       -0.4780       -0.9468       -0.9378        0.0203        0.0236
     deseason       -0.4172       -0.8236       -0.7159       -0.0374       -0.0370
     deseason       -0.5845       -1.3018       -1.2251       -0.0035        0.0018
     deseason       -0.5810       -1.0806       -1.1011       -0.0103       -0.0022
     deseason       -0.4818       -0.8919       -0.9070       -0.0131       -0.0120
     deseason       -0.5127       -1.0276       -0.9465       -0.0202       -0.0075
     deseason       -0.4816       -1.0349       -0.9205        0.0526        0.0451
     deseason       -0.5416       -1.1031       -1.0284        0.0566        0.0338
     deseason       -0.5359       -1.1267       -1.0512       -0.0298       -0.0331
     deseason       -0.4178       -0.8286       -0.6923       -0.0475       -0.0655
     deseason       -0.5340       -0.9730       -0.9493       -0.0069       -0.0178
     deseason       -0.5309       -1.0074       -0.9556       -0.0619       -0.0511
     deseason       -0.4547       -0.9222       -0.7531        0.0049       -0.0211
     deseason       -0.5239       -1.1452       -0.9935        0.0149       -0.0043
     deseason       -0.5452       -1.2212       -1.1348        0.0636        0.0516
     deseason       -0.4794       -0.9112       -0.8340        0.0113        0.0122
     deseason       -0.5455       -1.0459       -1.0339       -0.0368       -0.0385
     deseason       -0.4704       -0.8991       -0.9081        0.0152        0.0109
     deseason       -0.5520       -1.1511       -1.0273       -0.0054       -0.0203
     deseason       -0.5100       -1.0228       -0.9786       -0.1067       -0.1095
     deseason       -0.4638       -0.9231       -0.8567        0.0115        0.0069
     deseason       -0.5284       -1.0240       -0.9953        0.0313        0.0386
     deseason       -0.4296       -0.9135       -0.7742       -0.0056       -0.0075
     deseason       -0.4756       -0.9927       -0.9128       -0.0117       -0.0143
     deseason       -0.4973       -0.9684       -0.8819       -0.0442       -0.0500
     deseason       -0.4961       -1.0082       -0.9702       -0.0416       -0.0436
     deseason       -0.5133       -0.8952       -0.8400        0.0062        0.0080
     deseason       -0.4907       -0.9782       -0.9201        0.0195        0.0190
     deseason       -0.4780       -0.9397       -0.8707       -0.0446       -0.0562
     deseason       -0.4859       -0.9831       -0.8703        0.0187        0.0260
     deseason       -0.5401       -1.1926       -1.0395        0.1141        0.1164
     deseason       -0.5387       -1.0051       -0.9432       -0.0087       -0.0170
     deseason       -0.5816       -1.3025       -1.2511        0.0496        0.0505
     deseason       -0.5233       -1.1056       -0.9903       -0.0439       -0.0357
     deseason       -0.5143       -1.0671       -0.8561       -0.0030       -0.0303
     deseason       -0.5474       -1.0828       -0.9699        0.0522        0.0330
     deseason       -0.4526       -0.8701       -0.8220       -0.0933       -0.0924
     deseason       -0.5346       -1.1081       -1.0440       -0.0304       -0.0343
     deseason       -0.4486       -0.8522       -0.8308       -0.0252       -0.0236
     deseason       -0.4507       -0.8418       -0.8233       -0.0188       -0.0259
     deseason       -0.5849       -1.2709       -1.1145        0.0197        0.0185
     deseason       -0.5382       -1.1683       -1.0813        0.0015       -0.0020
     deseason       -0.5526       -1.0669       -1.0152       -0.0158       -0.0046
     deseason       -0.5449       -1.1314       -1.0737        0.0320        0.0356
     deseason       -0.5488       -1.0696       -1.0300       -0.0109       -0.0210
     deseason       -0.5052       -1.0497       -0.9563       -0.0113       -0.0292
     deseason       -0.5104       -1.0276       -1.0027        0.0462        0.0441
     deseason       -0.5269       -1.1327       -1.0230        0.0196        0.0066
     deseason       -0.5233       -1.1217       -1.0274       -0.0077       -0.0206
     deseason       -0.4969       -0.9384       -0.7935       -0.0006       -0.0059
     deseason       -0.5774       -1.2425       -1.0774        0.0163        0.0089
     deseason       -0.4560       -1.0246       -0.9082        0.0486        0.0414
     deseason       -0.4806       -0.8716       -0.8564       -0.0053       -0.0037
     deseason       -0.4946       -0.9456       -0.9138       -0.0144       -0.0148
     deseason       -0.4599       -1.0013       -0.8134        0.0382        0.0243
     deseason       -0.4764       -0.8029       -0.8131       -0.0126       -0.0076
     deseason       -0.4510       -0.8538       -0.7602       -0.0355       -0.0373
     deseason       -0.4736       -1.1090       -1.0342       -0.0081       -0.0110
     deseason       -0.4930       -1.0136       -0.8886       -0.0406       -0.0593
     deseason       -0.5547       -1.1739       -1.1432        0.0066       -0.0033
     deseason       -0.5231       -1.1015       -1.0298        0.0197        0.0228
     deseason       -0.4243       -0.8888       -0.8147       -0.0674       -0.0792
     deseason       -0.5606       -1.2194       -1.0780        0.0449        0.0283
     deseason       -0.4679       -0.8935       -0.8441        0.0065        0.0139
     deseason       -0.5060       -1.1163       -0.9822        0.0088       -0.0076
     deseason       -0.5768       -1.3131       -1.1104       -0.0013       -0.0255
     deseason       -0.4852       -0.9163       -0.8420       -0.0045        0.0053
     deseason       -0.4648       -1.0060       -0.8701        0.0143       -0.0046
     deseason       -0.5018       -1.0169       -0.9369       -0.0281       -0.0369
     deseason       -0.4812       -1.0921       -0.8262        0.0391        0.0171
     deseason       -0.5901       -1.1795       -1.1286       -0.0242       -0.0273
     deseason       -0.4775       -1.0074       -0.8925        0.0304        0.0224
     deseason       -0.5422       -1.0284       -0.9633       -0.0291       -0.0261
     deseason       -0.5283       -1.1344       -1.0225        0.0513        0.0443
     deseason       -0.4757       -1.0160       -0.9145       -0.0431       -0.0565
     deseason       -0.5439       -1.0778       -0.9940       -0.0185       -0.0115
     deseason       -0.5437       -1.0912       -1.0333        0.0774        0.0668
     deseason       -0.6057       -1.3599       -1.2325        0.0114       -0.0001
     deseason       -0.4827       -0.9418       -0.8841       -0.0311       -0.0451
     deseason       -0.4808       -0.9704       -0.8471       -0.0209       -0.0375
     deseason       -0.4284       -0.8424       -0.7311        0.0269        0.0133
     deseason       -0.5695       -1.2259       -1.0598        0.0782        0.0617
     deseason       -0.6089       -1.1720       -1.1293        0.0020       -0.0175
     deseason       -0.5884       -1.0369       -0.9983       -0.0136       -0.0210
     deseason       -0.3857       -0.7816       -0.7299       -0.0064       -0.0103
     deseason       -0.5061       -1.1772       -1.0598        0.0451        0.0331
     deseason       -0.4944       -1.0279       -0.9490        0.0350        0.0354
     deseason       -0.4746       -0.9548       -0.9376       -0.0081       -0.0092
     deseason       -0.5400       -1.1099       -1.0151        0.0507        0.0425
     deseason       -0.5483       -1.1212       -1.0883        0.0063        0.0022
     deseason       -0.5463       -1.1284       -1.0769       -0.0513       -0.0482
     deseason       -0.3957       -0.8315       -0.7860       -0.0322       -0.0235
     deseason       -0.4891       -0.9644       -0.8813        0.0380        0.0256
     deseason       -0.4739       -0.9356       -0.8844       -0.0126       -0.0150
     deseason       -0.5024       -1.0102       -0.9632       -0.0588       -0.0613
     deseason       -0.4709       -0.9309       -0.9029        0.0244        0.0281
     deseason       -0.4852       -1.0601       -0.9970       -0.0122       -0.0159
     deseason       -0.5990       -1.1739       -1.1446       -0.0227       -0.0234
     deseason       -0.4800       -0.9577       -0.8413       -0.0392       -0.0531
     deseason       -0.5090       -1.1101       -1.0505        0.0325        0.0261
     deseason       -0.5768       -1.0943       -1.0862        0.0298        0.0429
     deseason       -0.5268       -1.0444       -1.0226       -0.0315       -0.0300
     deseason       -0.5746       -1.1385       -1.0778        0.0516        0.0441
     deseason       -0.5518       -1.1275       -1.0615       -0.0391       -0.0370
     deseason       -0.4848       -0.9680       -0.7932        0.0243        0.0183
     deseason       -0.5581       -1.0414       -0.9636       -0.0070       -0.0133
     deseason       -0.4641       -0.9267       -0.7837        0.0368        0.0275
     deseason       -0.4168       -0.7499       -0.7425       -0.0450       -0.0446
     deseason       -0.3414       -0.6491       -0.6123       -0.0236       -0.0218
     deseason       -0.5783       -1.3572       -1.1360        0.0801        0.0485
     deseason       -0.4728       -0.9579       -0.8642        0.0468        0.0326
     deseason       -0.5886       -1.0423       -1.0285       -0.0305       -0.0237
     deseason       -0.5833       -1.1219       -1.1067        0.0762        0.0727
     deseason       -0.5477       -1.0412       -0.9790        0.0386        0.0252
     deseason       -0.4591       -0.8909       -0.7430       -0.0032       -0.0131
     deseason       -0.5071       -1.1138       -0.9761       -0.0010       -0.0038
     deseason       -0.4428       -0.9376       -0.8892        0.0765        0.0773
     deseason       -0.5466       -1.3333       -1.1737        0.0279        0.0093
     deseason       -0.4796       -0.9428       -0.8723       -0.0444       -0.0535
     deseason       -0.5394       -1.0815       -0.9881        0.0316        0.0400
     deseason       -0.4796       -0.8657       -0.8110        0.0210        0.0099
     deseason       -0.4753       -0.9360       -0.8266        0.0275        0.0216
     deseason       -0.5031       -0.9474       -0.8355       -0.0281       -0.0297
     deseason       -0.5570       -1.0494       -0.9783        0.0709        0.0758
     deseason       -0.4979       -1.0679       -0.9071        0.0760        0.0585
     deseason       -0.3765       -0.8006       -0.7038        0.0000       -0.0092
     deseason       -0.5122       -1.1496       -1.0237       -0.0194       -0.0316
     deseason       -0.5108       -1.0406       -0.8932       -0.0465       -0.0373
     deseason       -0.4932       -0.9147       -0.8012        0.0375        0.0267
     deseason       -0.4967       -1.0161       -0.8297        0.0253        0.0080
     deseason       -0.5345       -1.1789       -1.0992       -0.0579       -0.0558
     deseason       -0.5417       -1.1272       -1.0839        0.0046        0.0017
     deseason       -0.5188       -1.0783       -1.0780        0.0235        0.0266
     deseason       -0.5211       -1.1397       -1.0429        0.0385        0.0311
     deseason       -0.4402       -0.8473       -0.8596       -0.0377       -0.0453
     deseason       -0.5317       -1.0936       -0.9534       -0.0220       -0.0418
     deseason       -0.5350       -1.1387       -1.0362        0.0216        0.0245
     deseason       -0.4930       -0.8941       -0.8490       -0.0229       -0.0261
     deseason       -0.4681       -0.8076       -0.7589       -0.0640       -0.0706
     deseason       -0.4925       -0.8993       -0.8452        0.0201        0.0252
     deseason       -0.5341       -0.9983       -1.0234       -0.0207       -0.0204
     deseason       -0.5293       -0.9691       -0.8845        0.0276        0.0308
     deseason       -0.5705       -1.1452       -0.9840        0.0450        0.0205
     deseason       -0.6226       -1.1949       -1.1350        0.0143        0.0001
     deseason       -0.5154       -1.0822       -0.9884        0.0342        0.0139
     deseason       -0.5465       -1.0643       -1.0089       -0.0244       -0.0221
     deseason       -0.5955       -1.3935       -1.1749       -0.0328       -0.0426
     deseason       -0.4474       -0.8938       -0.8016       -0.0103       -0.0167
     deseason       -0.5156       -1.1856       -1.0803        0.0348        0.0320
     deseason       -0.4962       -0.9963       -0.8983        0.0370        0.0280
     deseason       -0.4946       -1.0872       -0.9343       -0.0189       -0.0271
     deseason       -0.4970       -0.8626       -0.8105       -0.0573       -0.0561
     deseason       -0.5512       -1.2292       -1.1456       -0.0575       -0.0654
     deseason       -0.5307       -1.0112       -1.0280       -0.0226       -0.0182
     deseason       -0.5416       -1.1449       -1.1538        0.0145        0.0226
     deseason       -0.5018       -0.9958       -0.9149       -0.0130       -0.0290
     deseason       -0.4704       -0.8544       -0.8678       -0.0187       -0.0185
     deseason       -0.5140       -1.1698       -1.1107        0.0152        0.0182
     deseason       -0.5486       -1.2029       -1.1349        0.0132        0.0056
     deseason       -0.5518       -1.2215       -1.0009       -0.0071       -0.0280
     deseason       -0.4812       -0.9407       -0.8409        0.0318        0.0213
     deseason       -0.5349       -1.0067       -0.9815       -0.0301       -0.0356
     deseason       -0.5318       -0.9560       -0.8998       -0.0187       -0.0250
     deseason       -0.4615       -0.8401       -0.8019        0.0063        0.0025
     deseason       -0.4011       -0.7884       -0.7127        0.0137       -0.0058
     deseason       -0.5130       -1.1318       -1.0417       -0.0443       -0.0592
     deseason       -0.5667       -1.2020       -1.0400        0.0836        0.0827
     deseason       -0.5663       -1.2699       -1.1858        0.0290        0.0109
     deseason       -0.6261       -1.2792       -1.2105       -0.0254       -0.0401
     deseason       -0.5336       -1.0968       -1.0410       -0.0011       -0.0014
     deseason       -0.5545       -1.1853       -1.1162       -0.0561       -0.0560
     deseason       -0.5627       -1.2507       -1.1851        0.0187        0.0104
     deseason       -0.5275       -1.0060       -0.9555       -0.0507       -0.0529
     deseason       -0.5046       -1.0327       -0.9996       -0.0089       -0.0191
     deseason       -0.4884       -0.9118       -0.8774       -0.0279       -0.0189
     deseason       -0.5742       -1.1052       -1.1273        0.0452        0.0529
     deseason       -0.6019       -1.2863       -1.1541        0.0684        0.0356
     deseason       -0.5033       -1.0983       -0.9586       -0.0369       -0.0530
     deseason       -0.5425       -1.0056       -1.0127       -0.0224       -0.0288
     deseason       -0.4882       -0.9946       -0.9647       -0.0594       -0.0660
     deseason       -0.5286       -1.0523       -0.9217       -0.0063       -0.0233
     deseason       -0.5701       -1.1292       -1.0673       -0.0185       -0.0246
     deseason       -0.5061       -0.8274       -0.7804       -0.0678       -0.0665
     deseason       -0.5123       -1.0786       -0.9511        0.0562        0.0536
