    Frequency     Corr coef   OLS regress  robust regress  OLS intercept  robust intercept
        inter       -0.4538       -0.6690       -0.6933       -0.0217       -0.0222
        inter       -0.3349       -0.5762       -0.6657        0.0825        0.0451
        inter       -0.4680       -0.7805       -0.8063       -0.0398       -0.0566
        inter       -0.4460       -0.8345       -0.8460       -0.0279       -0.0428
        inter       -0.3550       -0.6515       -0.6397        0.0265        0.0189
        inter       -0.4365       -0.8302       -0.8128       -0.0114       -0.0377
        inter       -0.5681       -1.0195       -1.0612        0.0013       -0.0166
        inter       -0.1551       -0.3327       -0.4050        0.0060       -0.0075
        inter       -0.5246       -0.9075       -0.8666       -0.0563       -0.0612
        inter       -0.5364       -1.1178       -1.0992        0.0461        0.0241
        inter       -0.3221       -0.5578       -0.6154        0.0401        0.0046
        inter       -0.3511       -0.6309       -0.6880       -0.0060       -0.0260
        inter       -0.3263       -0.7328       -0.7220        0.0225       -0.0012
        inter       -0.3860       -0.7975       -0.7935        0.0553        0.0327
        inter       -0.2680       -0.4387       -0.4499       -0.0746       -0.0919
        inter       -0.4038       -0.7855       -0.8630        0.0226       -0.0062
        inter       -0.6644       -1.0629       -1.0842       -0.0480       -0.0598
        inter       -0.1889       -0.3002       -0.2808        0.0261       -0.0052
        inter       -0.2710       -0.6017       -0.6019        0.0576        0.0534
        inter       -0.4564       -0.7508       -0.7618        0.0090       -0.0166
        inter       -0.5385       -0.9630       -0.9988        0.0261       -0.0036
        inter       -0.2469       -0.4628       -0.4588        0.0380        0.0213
        inter       -0.3397       -0.6596       -0.7039        0.0145       -0.0091
        inter       -0.6178       -0.9787       -0.9923        0.0031       -0.0080
        inter       -0.3852       -0.6367       -0.7128        0.0008       -0.0267
        inter       -0.5399       -0.9034       -0.9703        0.0099       -0.0067
        inter       -0.4375       -0.7292       -0.7900       -0.0355       -0.0498
        inter       -0.4513       -0.8342       -0.9079       -0.0074       -0.0252
        inter       -0.4871       -0.8555       -0.8137       -0.0209       -0.0340
        inter       -0.4153       -0.7598       -0.7981        0.0577        0.0405
        inter       -0.4146       -0.8180       -0.8579       -0.0830       -0.1085
        inter       -0.3343       -0.6344       -0.6890        0.0266        0.0023
        inter       -0.4466       -0.7475       -0.7094       -0.0108       -0.0218
        inter       -0.2679       -0.4085       -0.4285       -0.0243       -0.0410
        inter       -0.3713       -0.6613       -0.7091        0.0338        0.0147
        inter       -0.3138       -0.5855       -0.7280       -0.0138       -0.0493
        inter       -0.4911       -0.8310       -0.8578       -0.0030       -0.0027
        inter       -0.5007       -0.8630       -0.8425        0.0283        0.0164
        inter       -0.3638       -0.6691       -0.7043        0.0210       -0.0050
        inter       -0.4876       -0.6767       -0.7324       -0.0576       -0.0676
        inter       -0.4534       -0.6664       -0.6946       -0.0057       -0.0184
        inter       -0.3189       -0.6208       -0.6287       -0.0427       -0.0665
        inter       -0.4867       -0.8838       -0.9210        0.0244        0.0046
        inter       -0.2407       -0.4468       -0.4705        0.0229        0.0015
        inter       -0.5051       -0.7919       -0.8900       -0.0256       -0.0405
        inter       -0.5208       -0.7778       -0.8217       -0.0363       -0.0482
        inter       -0.4267       -0.8685       -0.8904       -0.0190       -0.0390
        inter       -0.2847       -0.4785       -0.5019        0.0416        0.0202
        inter       -0.4729       -0.8280       -0.9201        0.0260        0.0024
        inter       -0.4149       -0.8381       -0.8501        0.0550        0.0317
        inter       -0.1940       -0.3447       -0.3151        0.0377        0.0232
        inter       -0.3917       -0.7141       -0.7281        0.0011       -0.0216
        inter       -0.5700       -1.0107       -1.0257       -0.0307       -0.0379
        inter       -0.4245       -0.8011       -0.8378       -0.0117       -0.0174
        inter       -0.2089       -0.3349       -0.3995       -0.0258       -0.0365
        inter       -0.3784       -0.7021       -0.6631       -0.0163       -0.0415
        inter       -0.5147       -0.8178       -0.9136       -0.0080       -0.0317
        inter       -0.2975       -0.5291       -0.5649        0.0275        0.0062
        inter       -0.5097       -0.9502       -0.9907        0.0287        0.0099
        inter       -0.5555       -1.2331       -1.2823       -0.0728       -0.1003
        inter       -0.4778       -0.7342       -0.7752       -0.0522       -0.0648
        inter       -0.3872       -0.6443       -0.6702       -0.0148       -0.0348
        inter       -0.4875       -0.7661       -0.8336       -0.0598       -0.0780
        inter       -0.3213       -0.5119       -0.5624       -0.0593       -0.0815
        inter       -0.3668       -0.7365       -0.7876        0.0179        0.0046
        inter       -0.4412       -0.7469       -0.7592       -0.0006       -0.0173
        inter       -0.4096       -0.6679       -0.6718       -0.0510       -0.0734
        inter       -0.5204       -0.7525       -0.7720        0.0241        0.0151
        inter       -0.4572       -0.7428       -0.7739        0.0425        0.0282
        inter       -0.4826       -0.7631       -0.7838        0.0147       -0.0133
        inter       -0.2245       -0.4322       -0.3738        0.0253        0.0024
        inter       -0.4446       -0.7017       -0.6518        0.0276        0.0001
        inter       -0.5470       -0.9188       -0.9614       -0.0061       -0.0231
        inter       -0.2889       -0.5372       -0.5615        0.0280        0.0104
        inter       -0.4004       -0.6884       -0.7035        0.0466        0.0265
        inter       -0.3756       -0.7764       -0.7934        0.0252       -0.0009
        inter       -0.5697       -0.9846       -1.0641       -0.0117       -0.0328
        inter       -0.3894       -0.7111       -0.7901        0.0237        0.0101
        inter       -0.5400       -0.9458       -1.0087        0.0554        0.0538
        inter       -0.3011       -0.5205       -0.5289       -0.0144       -0.0279
        inter       -0.5448       -0.7718       -0.8155       -0.0165       -0.0248
        inter       -0.6441       -1.1621       -1.2027       -0.0460       -0.0658
        inter       -0.4887       -0.8606       -0.8921        0.0163       -0.0026
        inter       -0.4574       -0.6784       -0.6945       -0.0545       -0.0667
        inter       -0.3776       -0.6289       -0.7396        0.0429        0.0277
        inter       -0.3328       -0.5888       -0.5805        0.0490        0.0074
        inter       -0.5899       -0.9445       -0.9260       -0.0041       -0.0174
        inter       -0.3195       -0.5991       -0.7092        0.0492        0.0233
        inter       -0.2464       -0.4260       -0.4289        0.0203        0.0068
        inter       -0.1157       -0.2352       -0.2167        0.0625        0.0558
        inter       -0.5252       -0.9931       -0.9552        0.0541        0.0324
        inter       -0.4183       -0.8392       -0.9116        0.0001       -0.0253
        inter       -0.5859       -1.0369       -1.1434       -0.0841       -0.1049
        inter       -0.5729       -1.2080       -1.1653       -0.0049       -0.0265
        inter       -0.3918       -0.7477       -0.7813       -0.0085       -0.0329
        inter       -0.3680       -0.5411       -0.5969       -0.0815       -0.0918
        inter       -0.3329       -0.6845       -0.6957        0.0117       -0.0218
        inter       -0.5099       -0.9553       -0.9234       -0.0439       -0.0636
        inter       -0.4427       -0.8315       -0.9630       -0.0004       -0.0289
        inter       -0.4208       -0.6201       -0.6545       -0.0204       -0.0266
        inter       -0.4500       -0.8148       -0.8476       -0.0049       -0.0156
        inter       -0.2124       -0.4054       -0.3995       -0.0062       -0.0344
        inter       -0.3894       -0.7488       -0.8770        0.0012       -0.0332
        inter       -0.1942       -0.3695       -0.4166       -0.0141       -0.0365
        inter       -0.4796       -0.7640       -0.7883       -0.0046       -0.0176
        inter       -0.3226       -0.6828       -0.7032        0.0459        0.0214
        inter       -0.4051       -0.5633       -0.6194        0.0202        0.0248
        inter       -0.3240       -0.6600       -0.6582        0.0138       -0.0007
        inter       -0.2993       -0.5595       -0.6084       -0.0214       -0.0430
        inter       -0.4034       -0.6129       -0.6648       -0.0626       -0.0770
        inter       -0.4316       -0.7515       -0.7695       -0.0001       -0.0173
        inter       -0.1758       -0.3753       -0.3194       -0.0547       -0.0842
        inter       -0.3874       -0.7168       -0.6979        0.0610        0.0352
        inter       -0.2956       -0.6382       -0.6654        0.0352        0.0027
        inter       -0.3170       -0.5067       -0.5506       -0.0144       -0.0329
        inter       -0.3978       -0.8207       -0.8207       -0.0382       -0.0552
        inter       -0.4643       -0.7572       -0.7847       -0.0322       -0.0445
        inter       -0.4733       -0.6714       -0.7568       -0.0056       -0.0214
        inter       -0.3692       -0.6034       -0.6482       -0.0041       -0.0297
        inter       -0.4109       -0.7465       -0.7803       -0.0232       -0.0498
        inter       -0.4455       -0.8286       -0.8614        0.0484        0.0205
        inter       -0.3109       -0.4621       -0.5121       -0.0192       -0.0321
        inter       -0.3243       -0.6146       -0.6305        0.0476        0.0227
        inter       -0.5439       -1.0562       -1.1295        0.0062       -0.0113
        inter       -0.3185       -0.5858       -0.5793        0.0025       -0.0224
        inter       -0.3463       -0.7087       -0.6599       -0.0073       -0.0336
        inter       -0.4289       -0.7284       -0.7386       -0.0309       -0.0474
        inter       -0.1804       -0.3374       -0.3364        0.0268        0.0174
        inter       -0.3710       -0.6490       -0.6359       -0.0232       -0.0490
        inter       -0.3349       -0.6047       -0.5795       -0.0344       -0.0544
        inter       -0.3261       -0.5568       -0.5962        0.0061       -0.0160
        inter       -0.6393       -1.0337       -1.0647       -0.0406       -0.0510
        inter       -0.4650       -0.7573       -0.7668       -0.0322       -0.0496
        inter       -0.3971       -0.6597       -0.7463        0.0422        0.0126
        inter       -0.3750       -0.5123       -0.5498        0.0182        0.0129
        inter       -0.2969       -0.5020       -0.5787        0.0200        0.0088
        inter       -0.4613       -0.7486       -0.7835       -0.0313       -0.0467
        inter       -0.3789       -0.6672       -0.6648        0.0104       -0.0091
        inter       -0.5592       -0.7737       -0.8162       -0.0530       -0.0669
        inter       -0.3886       -0.6711       -0.8040        0.0521        0.0395
        inter       -0.2550       -0.3420       -0.4068       -0.0417       -0.0661
        inter       -0.4277       -0.7189       -0.7425       -0.0369       -0.0480
        inter       -0.3989       -0.9014       -0.9103        0.0424        0.0352
        inter       -0.5851       -0.9564       -1.0113        0.0275        0.0002
        inter       -0.3280       -0.6152       -0.6530        0.0623        0.0417
        inter       -0.5699       -0.9174       -0.9879       -0.0147       -0.0328
        inter       -0.5519       -1.0641       -1.0527        0.0061       -0.0209
        inter       -0.4758       -0.8829       -0.9429       -0.0095       -0.0357
        inter       -0.4927       -0.8620       -0.9032        0.0457        0.0192
        inter       -0.4227       -0.8343       -0.8698        0.0596        0.0350
        inter       -0.2942       -0.4825       -0.5454       -0.0318       -0.0533
        inter       -0.6001       -0.9282       -0.9270        0.0040       -0.0057
        inter       -0.4998       -0.9138       -0.8808        0.0250        0.0090
        inter       -0.4953       -0.8290       -0.8573        0.0043       -0.0189
        inter       -0.4100       -0.5990       -0.6177        0.0164        0.0070
        inter       -0.4102       -0.8444       -0.9262        0.0190       -0.0140
        inter       -0.4894       -0.6846       -0.6752       -0.0317       -0.0539
        inter       -0.3724       -0.6738       -0.7687       -0.0032       -0.0258
        inter       -0.3670       -0.7324       -0.7768        0.0713        0.0466
        inter       -0.3755       -0.7552       -0.8169        0.0097       -0.0121
        inter       -0.6220       -1.1198       -1.1232       -0.0027       -0.0163
        inter       -0.2510       -0.4994       -0.5416       -0.0431       -0.0844
        inter       -0.3565       -0.7337       -0.7692        0.0424        0.0210
        inter       -0.4242       -0.7738       -0.7951        0.0235        0.0001
        inter       -0.4587       -0.7024       -0.7338        0.0017       -0.0139
        inter       -0.2738       -0.5244       -0.5710        0.0005       -0.0289
        inter       -0.2575       -0.4583       -0.4617        0.0111       -0.0129
        inter       -0.6102       -0.9387       -0.9521       -0.0439       -0.0575
        inter       -0.4656       -0.6888       -0.7081       -0.0345       -0.0545
        inter       -0.3706       -0.7360       -0.7506       -0.0397       -0.0720
        inter       -0.5049       -0.9502       -0.9883        0.0373        0.0203
        inter       -0.2980       -0.5050       -0.4792        0.0189        0.0043
        inter       -0.4747       -1.1129       -1.1566       -0.0125       -0.0386
        inter       -0.1358       -0.2149       -0.2671        0.0677        0.0371
        inter       -0.5263       -0.8677       -0.8661       -0.0677       -0.0771
        inter       -0.4415       -0.7795       -0.8358        0.0049       -0.0270
        inter       -0.3442       -0.5607       -0.4907       -0.0513       -0.0645
        inter       -0.2720       -0.5509       -0.5860        0.0486        0.0143
        inter       -0.4121       -0.7318       -0.7155       -0.0263       -0.0427
        inter       -0.4856       -0.7367       -0.7848       -0.0162       -0.0323
        inter       -0.4312       -0.7774       -0.8178        0.0082       -0.0136
        inter       -0.4510       -0.7175       -0.7441       -0.0314       -0.0503
        inter       -0.6371       -0.9741       -1.0018        0.0051       -0.0040
        inter       -0.4222       -0.6526       -0.7102        0.0375        0.0153
        inter       -0.3711       -0.5682       -0.5942        0.0537        0.0354
        inter       -0.4185       -0.6655       -0.6989       -0.0483       -0.0773
        inter       -0.4855       -0.9368       -1.0489       -0.0180       -0.0363
        inter       -0.5128       -0.8233       -0.9032        0.0306        0.0023
        inter       -0.3115       -0.6019       -0.6476       -0.0311       -0.0547
        inter       -0.1676       -0.2713       -0.2696       -0.0077       -0.0250
        inter       -0.2616       -0.4977       -0.5511       -0.0115       -0.0428
        inter       -0.4942       -0.9234       -0.9319       -0.0062       -0.0215
        inter       -0.5395       -0.9481       -1.0084       -0.0521       -0.0722
        inter       -0.2926       -0.5370       -0.6123       -0.0072       -0.0393
        inter       -0.5357       -0.9019       -0.9118       -0.0161       -0.0276
        inter       -0.2906       -0.6958       -0.6822        0.0845        0.0765
        inter       -0.4199       -0.7652       -0.7756        0.0280        0.0038
        inter       -0.4472       -0.7768       -0.7238       -0.0365       -0.0511
        inter       -0.4137       -0.7462       -0.7168       -0.0008       -0.0239
        inter       -0.1783       -0.3093       -0.3219        0.0233        0.0165
