    Frequency     Corr coef   OLS regress  robust regress  OLS intercept  robust intercept
       season       -0.6294       -1.0506       -1.0470        0.0123        0.0131
       season       -0.7477       -1.3800       -1.3300        0.0005       -0.0007
       season       -0.6937       -1.3978       -1.3642       -0.0189       -0.0190
       season       -0.7513       -1.5246       -1.4946        0.0030        0.0008
       season       -0.7718       -1.5391       -1.4858        0.0075        0.0072
       season       -0.6672       -1.2319       -1.2202        0.0095        0.0097
       season       -0.6984       -1.2674       -1.2742        0.0147        0.0166
       season       -0.6835       -1.1822       -1.1594        0.0259        0.0240
       season       -0.7068       -1.4251       -1.4146        0.0049        0.0063
       season       -0.7150       -1.4007       -1.3647       -0.0032       -0.0009
       season       -0.6801       -1.2378       -1.2131        0.0012       -0.0010
       season       -0.7145       -1.2845       -1.2597       -0.0207       -0.0182
       season       -0.6935       -1.3479       -1.3165        0.0142        0.0125
       season       -0.6574       -1.2579       -1.2142       -0.0113       -0.0141
       season       -0.6593       -1.3170       -1.2733       -0.0218       -0.0206
       season       -0.6978       -1.4066       -1.4128       -0.0151       -0.0178
       season       -0.7459       -1.5311       -1.5498        0.0058        0.0059
       season       -0.7482       -1.5712       -1.5615       -0.0055       -0.0044
       season       -0.7551       -1.5562       -1.5005        0.0098        0.0109
       season       -0.7162       -1.2751       -1.2741        0.0044        0.0094
       season       -0.6867       -1.2928       -1.2618       -0.0096       -0.0099
       season       -0.7678       -1.5094       -1.4841        0.0110        0.0126
       season       -0.6587       -1.2609       -1.2135       -0.0052       -0.0060
       season       -0.6903       -1.1712       -1.1491        0.0007        0.0047
       season       -0.7513       -1.6185       -1.6109        0.0211        0.0224
       season       -0.7051       -1.4034       -1.3914        0.0031        0.0036
       season       -0.7059       -1.4058       -1.3665       -0.0028       -0.0055
       season       -0.7025       -1.5269       -1.5090       -0.0070       -0.0107
       season       -0.7199       -1.3045       -1.2443        0.0122        0.0165
       season       -0.7093       -1.3256       -1.3047        0.0010       -0.0002
       season       -0.7114       -1.5463       -1.4339        0.0199        0.0254
       season       -0.7230       -1.4388       -1.4214       -0.0054       -0.0034
       season       -0.6772       -1.4236       -1.4045       -0.0186       -0.0194
       season       -0.7342       -1.2810       -1.2534       -0.0004        0.0003
       season       -0.7601       -1.5102       -1.4948       -0.0051       -0.0072
       season       -0.7441       -1.4256       -1.4133       -0.0115       -0.0111
       season       -0.7098       -1.3067       -1.2745       -0.0079       -0.0069
       season       -0.7114       -1.3406       -1.2742       -0.0089       -0.0060
       season       -0.6942       -1.3332       -1.2968        0.0086        0.0094
       season       -0.7277       -1.4454       -1.4757        0.0064        0.0084
       season       -0.7374       -1.4893       -1.4686        0.0192        0.0172
       season       -0.7134       -1.2338       -1.2091        0.0020        0.0033
       season       -0.6842       -1.2406       -1.2071       -0.0214       -0.0236
       season       -0.7077       -1.3946       -1.3534       -0.0006       -0.0043
       season       -0.6868       -1.3766       -1.3562        0.0094        0.0084
       season       -0.6844       -1.2611       -1.2456        0.0167        0.0171
       season       -0.7370       -1.5390       -1.5184       -0.0040       -0.0080
       season       -0.6063       -1.2743       -1.2358       -0.0030       -0.0029
       season       -0.6831       -1.2329       -1.2514        0.0197        0.0201
       season       -0.6934       -1.3462       -1.3404       -0.0009        0.0009
       season       -0.7338       -1.1588       -1.1334        0.0034        0.0068
       season       -0.7226       -1.2093       -1.1685       -0.0011       -0.0000
       season       -0.7242       -1.6126       -1.6000       -0.0071       -0.0085
       season       -0.7224       -1.4120       -1.3863       -0.0018       -0.0010
       season       -0.6875       -1.3540       -1.3019       -0.0032       -0.0047
       season       -0.7146       -1.4453       -1.3773       -0.0083       -0.0038
       season       -0.7447       -1.3465       -1.3178        0.0106        0.0108
       season       -0.6934       -1.4244       -1.3917        0.0013       -0.0010
       season       -0.7090       -1.2683       -1.2434        0.0076        0.0088
       season       -0.6985       -1.2336       -1.2054       -0.0241       -0.0240
       season       -0.6658       -1.2181       -1.1925        0.0126        0.0104
       season       -0.6754       -1.2353       -1.2244       -0.0016       -0.0041
       season       -0.6372       -1.1834       -1.1408        0.0039        0.0039
       season       -0.6356       -1.0682       -1.0349       -0.0004        0.0000
       season       -0.6840       -1.3182       -1.2799       -0.0038       -0.0067
       season       -0.7033       -1.5835       -1.5522       -0.0205       -0.0233
       season       -0.6841       -1.3753       -1.3202        0.0001        0.0014
       season       -0.7381       -1.4700       -1.4383        0.0025        0.0004
       season       -0.7156       -1.3269       -1.2818       -0.0064       -0.0046
       season       -0.7823       -1.2465       -1.2506        0.0042        0.0071
       season       -0.7308       -1.2901       -1.2662        0.0229        0.0212
       season       -0.7976       -1.3970       -1.3838        0.0124        0.0122
       season       -0.6953       -1.2876       -1.2726        0.0062        0.0046
       season       -0.6821       -1.1422       -1.1259       -0.0105       -0.0124
       season       -0.7544       -1.4287       -1.4144        0.0122        0.0136
       season       -0.7213       -1.2929       -1.2575       -0.0160       -0.0160
       season       -0.7044       -1.5531       -1.5290        0.0080        0.0098
       season       -0.7016       -1.3272       -1.2996       -0.0091       -0.0091
       season       -0.6616       -1.2307       -1.1936       -0.0029       -0.0034
       season       -0.7539       -1.5993       -1.5661       -0.0040       -0.0047
       season       -0.7187       -1.5045       -1.5081       -0.0005       -0.0015
       season       -0.7445       -1.3064       -1.2786       -0.0072       -0.0097
       season       -0.7092       -1.3774       -1.3306       -0.0201       -0.0237
       season       -0.6619       -1.2337       -1.2192        0.0171        0.0162
       season       -0.6631       -1.2560       -1.2517        0.0163        0.0177
       season       -0.7598       -1.5968       -1.5816       -0.0016        0.0025
       season       -0.6702       -1.2508       -1.1798       -0.0136       -0.0155
       season       -0.6977       -1.2843       -1.2755       -0.0216       -0.0229
       season       -0.7605       -1.4731       -1.4605       -0.0203       -0.0207
       season       -0.7330       -1.4348       -1.3822        0.0083        0.0083
       season       -0.7757       -1.5480       -1.4817       -0.0172       -0.0130
       season       -0.7648       -1.4982       -1.4842        0.0015        0.0028
       season       -0.6088       -1.1819       -1.1421        0.0124        0.0108
       season       -0.7068       -1.3886       -1.3809       -0.0016       -0.0020
       season       -0.7607       -1.4785       -1.4592        0.0011        0.0006
       season       -0.6828       -1.3122       -1.2888       -0.0034       -0.0041
       season       -0.7775       -1.4893       -1.4754       -0.0083       -0.0055
       season       -0.7374       -1.2813       -1.2319       -0.0186       -0.0173
       season       -0.6914       -1.3525       -1.2830        0.0056        0.0094
       season       -0.7473       -1.3533       -1.3302       -0.0140       -0.0138
       season       -0.7376       -1.4705       -1.3997       -0.0106       -0.0091
       season       -0.7077       -1.3528       -1.3346        0.0111        0.0110
       season       -0.7235       -1.4139       -1.3864       -0.0058       -0.0050
       season       -0.6769       -1.2562       -1.2206       -0.0046       -0.0030
       season       -0.7036       -1.1609       -1.1542       -0.0080       -0.0072
       season       -0.7377       -1.4064       -1.3852       -0.0093       -0.0096
       season       -0.7642       -1.5208       -1.4785       -0.0114       -0.0089
       season       -0.6713       -1.0477       -1.0508       -0.0023       -0.0017
       season       -0.6963       -1.2132       -1.1921        0.0058        0.0068
       season       -0.7272       -1.4580       -1.4147       -0.0047       -0.0020
       season       -0.6647       -1.2139       -1.2239        0.0064        0.0080
       season       -0.7418       -1.4806       -1.4715       -0.0005        0.0005
       season       -0.7585       -1.3988       -1.4151       -0.0081       -0.0092
       season       -0.6943       -1.1660       -1.1150       -0.0211       -0.0188
       season       -0.6940       -1.3215       -1.2908       -0.0154       -0.0144
       season       -0.7537       -1.3255       -1.3039       -0.0095       -0.0064
       season       -0.7466       -1.4680       -1.4257        0.0060        0.0048
       season       -0.7255       -1.2084       -1.1845        0.0079        0.0089
       season       -0.7083       -1.5902       -1.5499       -0.0204       -0.0203
       season       -0.7544       -1.5641       -1.4770       -0.0009        0.0033
       season       -0.7861       -1.4469       -1.4401       -0.0006        0.0029
       season       -0.7510       -1.4494       -1.4764       -0.0038       -0.0041
       season       -0.7259       -1.5074       -1.4818       -0.0139       -0.0160
       season       -0.7345       -1.4094       -1.3892        0.0022        0.0040
       season       -0.7355       -1.4684       -1.4480       -0.0076       -0.0090
       season       -0.6936       -1.2082       -1.1613       -0.0069       -0.0048
       season       -0.6636       -1.1554       -1.1528        0.0126        0.0125
       season       -0.7316       -1.5568       -1.5433       -0.0039       -0.0040
       season       -0.7102       -1.6152       -1.5905       -0.0120       -0.0138
       season       -0.7030       -1.1478       -1.1389        0.0120        0.0113
       season       -0.6466       -1.2629       -1.2522       -0.0055       -0.0054
       season       -0.7626       -1.4956       -1.4421        0.0169        0.0205
       season       -0.7320       -1.4913       -1.4701       -0.0135       -0.0132
       season       -0.7187       -1.2046       -1.1898       -0.0056       -0.0046
       season       -0.7190       -1.1907       -1.1767        0.0096        0.0088
       season       -0.6318       -1.3356       -1.3210        0.0006       -0.0012
       season       -0.7160       -1.3409       -1.3313       -0.0117       -0.0119
       season       -0.6947       -1.2518       -1.2267       -0.0171       -0.0168
       season       -0.7234       -1.3367       -1.3291        0.0096        0.0067
       season       -0.6832       -1.3799       -1.3514        0.0025        0.0004
       season       -0.7162       -1.3569       -1.3162       -0.0133       -0.0132
       season       -0.7198       -1.4425       -1.4144       -0.0113       -0.0091
       season       -0.7302       -1.4706       -1.4532       -0.0009       -0.0011
       season       -0.7250       -1.3966       -1.3673       -0.0145       -0.0108
       season       -0.7457       -1.4209       -1.4019        0.0069        0.0076
       season       -0.7582       -1.3500       -1.3597        0.0066        0.0072
       season       -0.6655       -1.3135       -1.3156        0.0005        0.0004
       season       -0.7277       -1.5318       -1.5060       -0.0004       -0.0005
       season       -0.6538       -1.2114       -1.1743       -0.0124       -0.0135
       season       -0.7268       -1.6383       -1.6316       -0.0197       -0.0229
       season       -0.7751       -1.6738       -1.6732        0.0011        0.0013
       season       -0.7399       -1.4029       -1.3827       -0.0117       -0.0130
       season       -0.6805       -1.3274       -1.3008        0.0011        0.0042
       season       -0.7843       -1.2984       -1.2967       -0.0017       -0.0027
       season       -0.6840       -1.0492       -1.0438       -0.0103       -0.0095
       season       -0.6642       -1.2448       -1.1953        0.0037        0.0035
       season       -0.6992       -1.2116       -1.2081       -0.0029       -0.0096
       season       -0.7538       -1.3669       -1.3808       -0.0146       -0.0149
       season       -0.7285       -1.2569       -1.2238        0.0101        0.0087
       season       -0.6975       -1.2444       -1.2528       -0.0184       -0.0178
       season       -0.7233       -1.3319       -1.3477        0.0163        0.0145
       season       -0.6454       -1.2877       -1.2426       -0.0083       -0.0107
       season       -0.7362       -1.6075       -1.5977        0.0004        0.0039
       season       -0.7485       -1.6975       -1.6730       -0.0072       -0.0060
       season       -0.8003       -1.5816       -1.5864       -0.0205       -0.0178
       season       -0.7286       -1.3988       -1.3814       -0.0048       -0.0070
       season       -0.6386       -1.2281       -1.2246        0.0120        0.0115
       season       -0.7606       -1.4797       -1.4375       -0.0069       -0.0078
       season       -0.6486       -1.1323       -1.0889        0.0046        0.0076
       season       -0.7039       -1.5333       -1.5240       -0.0104       -0.0085
       season       -0.7029       -1.2106       -1.2086       -0.0022       -0.0028
       season       -0.7813       -1.4435       -1.4472       -0.0107       -0.0075
       season       -0.7338       -1.2745       -1.2468        0.0106        0.0127
       season       -0.7891       -1.2289       -1.2438        0.0087        0.0091
       season       -0.7669       -1.3611       -1.3232       -0.0099       -0.0068
       season       -0.7707       -1.3215       -1.3006        0.0064        0.0112
       season       -0.7027       -1.2610       -1.2420       -0.0102       -0.0095
       season       -0.7264       -1.5235       -1.4917       -0.0023       -0.0021
       season       -0.7198       -1.3033       -1.3006        0.0222        0.0225
       season       -0.7631       -1.4457       -1.3908        0.0047        0.0090
       season       -0.6687       -1.2485       -1.2101        0.0087        0.0058
       season       -0.7535       -1.3479       -1.3528        0.0119        0.0174
       season       -0.7055       -1.3632       -1.3524       -0.0076       -0.0086
       season       -0.7026       -1.4349       -1.3978       -0.0139       -0.0153
       season       -0.7278       -1.3728       -1.3630       -0.0202       -0.0189
       season       -0.7025       -1.3958       -1.3567        0.0093        0.0096
       season       -0.6949       -1.4430       -1.3897       -0.0001        0.0004
       season       -0.7266       -1.3807       -1.3784       -0.0035       -0.0019
       season       -0.7160       -1.3935       -1.3813        0.0070        0.0099
       season       -0.7514       -1.3803       -1.3678        0.0204        0.0190
       season       -0.6952       -1.2583       -1.2187        0.0159        0.0163
       season       -0.6754       -1.2804       -1.2752       -0.0047       -0.0048
       season       -0.7442       -1.3142       -1.2863       -0.0014       -0.0002
       season       -0.7054       -1.3640       -1.3473       -0.0007       -0.0034
       season       -0.7080       -1.2233       -1.1813       -0.0146       -0.0133
       season       -0.7702       -1.6111       -1.5588        0.0029       -0.0029
       season       -0.6773       -1.3309       -1.2851        0.0021        0.0013
       season       -0.6298       -1.0809       -1.0753        0.0055        0.0036
       season       -0.6935       -1.2679       -1.2282       -0.0056       -0.0048
       season       -0.7773       -1.6788       -1.6383       -0.0001        0.0040
