  SST (C)
  25.1825
  24.9593
  24.8205
  24.1932
  23.5460
  23.3688
  23.4768
  23.5319
  24.0198
  24.6904
  25.1556
  25.6435
  25.5194
  25.5519
  25.1565
  24.2216
  23.9358
  23.1555
  23.6785
  24.2226
  23.8667
  24.3204
  25.0653
  25.1320
  26.0720
  25.6336
  25.5110
  24.3288
  24.0124
  23.5863
  23.3517
  24.3083
  24.3138
  24.8352
  25.1238
  25.6654
  25.4632
  25.7133
  24.9204
  24.4811
  23.8396
  24.0961
  23.6290
  24.2131
  24.4073
  24.7489
  25.1329
  25.4142
  25.2702
  25.1747
  25.3545
  24.3039
  23.6472
  23.6758
  23.4565
  23.7929
  24.2420
  24.7129
  25.3268
  25.9139
  25.6325
  26.0277
  25.4421
  24.3240
  23.8009
  23.5582
  23.2968
  23.8986
  23.7655
  25.0277
  24.8963
  25.3855
  25.6179
  25.7381
  25.1028
  24.3386
  23.8980
  23.5785
  23.4900
  24.3294
  24.8494
  24.9011
  25.4409
  25.8683
  25.7444
  25.2073
  24.9517
  24.7836
  23.7398
  22.9452
  23.4489
  23.4848
  23.8864
  24.4125
  25.2117
  25.4058
  25.1983
  25.2594
  25.6689
  24.5756
  24.0806
  23.5933
  23.4984
  24.0885
  24.1769
  24.9847
  24.8085
  25.3147
  25.7298
  25.5806
  25.2539
  25.2882
  24.2241
  23.5684
  24.0202
  24.2423
  24.6576
  25.4112
  24.8973
  25.4065
  25.0656
  25.6398
  25.2351
  24.7447
  23.4055
  23.2044
  23.5523
  23.9707
  23.9447
  24.6540
  24.9326
  25.1805
  25.3803
  25.0936
  25.4535
  24.3847
  24.0790
  23.8149
  24.1258
  24.0262
  23.9207
  24.8359
  25.4449
  25.7208
  25.6385
  25.1465
  25.0384
  24.2356
  23.6954
  23.5795
  23.4554
  24.1790
  24.7849
  24.6309
  25.1871
  25.6863
  25.4836
  25.5218
  24.8223
  24.2958
  23.7565
  23.3045
  24.0939
  23.9892
  24.2102
  24.8936
  24.9971
  25.1437
  25.4636
  25.5224
  25.1291
  24.4800
  24.1773
  23.5425
  23.7845
  24.1352
  24.2716
  24.9011
  25.5812
  25.4574
  25.5384
  25.4535
  25.3377
